2394511
2394534
2394535
2394536
2394545
2394546
2394584
2394585
2394645
2394659
2394660
2394661
2394696
2394697
2394698
2394709
2394710
2394716
2394728
2394729
2394741
2394762
2394763
2394779
2394814
2394815
2394851
2394852
2394862
2394863
2394864
2394865
2394882
2394883
2394884
2394898
2394899
2394913
2394914
2394921
2394922
2394935
2394936
2394947
2394948
2394949
2394955
2394956
2394961
2394962
2394968
2394969
2394982
2395011
2395012
2395020
2395021
2395041
2395042
2395057
2395058
2395067
2395068
2395090
2395105
2395106
2395155
2395156
2395176
2395177
2395178
2395179
2395201
2395202
2395218
2395219
2395227
2395228
2395229
2395239
2395240
2395241
2395242
2395243
2395296
2395343
2395344
2395353
2395354
2395366
2395367
2395380
2395387
2395388
2395399
2395415
2395430
2395440
2395441
2395442
2395461
2395467
2395468
2395581
2395582
2395599
2395608
2395625
2395634
2395646
2395671
2395712
2395727
2395728
2395735
2395736
2395746
2395765
2395775
2395783
2395812
2395813
2395823
2395824
2395866
2395883
2395895
2395911
2395936
2395937
2395945
2395096
2395097
2395136
2395137
2395192
2395193
2395194
2395195
2395209
2395210
2395269
2395270
2395271
2395272
2395475
2395539
2395540